% Type: Timesignal
% Date: 07-MAR-21 13:59:55
% NoOfItems: = 4096
% Unit_Y: = HD²euE
% Unit_X: = Rev
% Min_X: = 0
% Max_X: = 1.28686332702637
% MinDisplay_X: = 0
% MaxDisplay_X: = 16
-1.91975402832031
-1.76399993896484
-1.11026132106781
-1.71684503555298
-3.41656541824341
-1.42176961898804
-0.879488110542297
-1.16813325881958
1.01742541790009
-1.05096054077148
-2.01977968215942
-1.99977445602417
-3.26509809494019
-0.833762109279633
-1.10311675071716
-2.86142349243164
-2.21554398536682
-1.82115745544434
-1.05024600028992
-1.29173636436462
-1.68969523906708
-3.37369728088379
-4.60043954849243
-4.04815530776978
-4.78119993209839
-3.36083674430847
-3.64590954780579
-3.37798404693604
-0.637997806072235
-2.64493942260742
-2.55348753929138
-1.68397951126099
-2.87142586708069
-2.29127764701843
-1.70755696296692
-0.488673895597458
-1.84044802188873
-2.9471595287323
-3.1043426990509
-4.52399110794067
-3.24437832832336
-3.3386881351471
-1.7868629693985
-0.487244963645935
-3.24937963485718
-2.10980272293091
-3.39084434509277
-5.60069513320923
-3.72378659248352
-3.29010438919067
-2.89000201225281
-4.49541234970093
-4.40681838989258
-2.90000462532043
-3.70163822174072
-2.29270648956299
-2.92358207702637
-2.30270910263062
-0.63656884431839
-2.62707781791687
-1.58109605312347
-1.38461720943451
-3.07290601730347
-3.24723625183105
-3.11934638023376
-1.53394114971161
-1.56323432922363
-2.99931573867798
-4.57972002029419
-5.8971996307373
-5.35206031799316
-4.96624708175659
-5.00697183609009
-5.46208810806274
-4.2839298248291
-2.60564374923706
-3.59946918487549
-3.23723363876343
-2.95287537574768
-2.81498289108276
-0.509393453598022
-0.920212805271149
-2.37129807472229
-1.33889126777649
-0.878059148788452
-2.67137479782104
-2.12694978713989
-0.0142668830230832
-1.87045574188232
-2.35986661911011
-1.32674527168274
-2.00477576255798
-1.0180948972702
-2.18982315063477
-4.96410369873047
-3.71164083480835
-2.35700869560242
-3.44300055503845
-3.82095432281494
-3.8545343875885
-3.94741535186768
-3.18507766723633
-2.11123156547546
-1.89403319358826
-2.82284212112427
-1.68040716648102
0.0850442200899124
0.318675369024277
0.39083668589592
0.27509281039238
1.56113588809967
0.829520285129547
-2.41416621208191
-3.34226059913635
-2.93215584754944
-2.58992528915405
-1.90689361095428
-1.85688078403473
-3.94884419441223
-5.02411937713623
-4.40253162384033
-3.67806077003479
-2.61064505577087
-2.95787668228149
-2.73353362083435
-2.79426336288452
-3.40370488166809
-1.35675299167633
-0.450807064771652
-1.45034837722778
-0.447234719991684
0.468713730573654
0.664478063583374
3.22227478027344
3.12939405441284
-0.224320590496063
-0.668005466461182
-1.18599498271942
-2.06907796859741
-1.05453288555145
-0.503677725791931
0.410127341747284
0.360114544630051
-1.98119831085205
-1.92904210090637
-0.194312915205956
-0.856625080108643
0.222936615347862
2.04197311401367
0.165064677596092
-0.0271273143589497
0.0507497377693653
-0.732307612895966
1.11102080345154
2.61354780197144
3.79742193222046
1.90550971031189
0.254373222589493
2.12127900123596
-0.235037609934807
-1.33746230602264
0.0221710037440062
-2.07979488372803
-3.32725667953491
-2.900719165802
-1.38318824768066
0.172209367156029
0.955266714096069
0.350111991167068
-2.04478597640991
-1.00094771385193
0.113622955977917
-0.160018429160118
2.25631356239319
0.883105397224426
-1.23314988613129
-0.0528481751680374
-0.250041455030441
1.10316169261932
2.02053904533386
2.39920735359192
3.00721979141235
-0.282192528247833
-1.02952647209167
0.44799417257309
0.165779143571854
-0.349352538585663
-2.30270910263062
-2.46274995803833
-1.66683220863342
-2.37344145774841
-0.945219159126282
1.08529996871948
-0.389362782239914
-1.68683731555939
-0.990230679512024
-1.92975664138794
-1.87688589096069
-0.353639364242554
0.11933870613575
0.188642144203186
0.462998002767563
-0.0414166823029518
-3.00217366218567
-4.09102344512939
-3.62590456008911
-4.26892614364624
-3.86596584320068
-4.20462369918823
-4.16032695770264
-3.60018372535706
-3.05861663818359
-2.98502635955811
-5.55354022979736
-5.06198596954346
-2.76068329811096
-2.45203304290771
-0.260044008493423
-0.0507047697901726
-2.23483467102051
-2.17696261405945
-2.66208672523499
-2.16052985191345
0.499435871839523
0.969556093215942
0.933118164539337
1.50040602684021
-0.603703320026398
-4.03672409057617
-3.98242425918579
-3.36226582527161
-4.51899003982544
-3.09291124343872
-3.10934400558472
-4.29536151885986
-2.90286254882812
-3.90811944007874
-4.24106168746948
-3.04789972305298
-5.53353500366211
-5.91077423095703
-2.13623785972595
-1.1402690410614
-1.45892190933228
-0.55583393573761
-1.60038673877716
-1.86616897583008
-0.891634047031403
-1.67897820472717
-1.76471436023712
-1.57538032531738
-3.12006092071533
-4.14961004257202
-3.56874704360962
-5.24346113204956
-5.74144554138184
-4.41896438598633
-7.25683307647705
-4.74547672271729
-2.14338254928589
-5.45708703994751
-3.03861165046692
-3.73521828651428
-5.06198596954346
-2.16981792449951
-4.99911260604858
-3.89383029937744
0.276521742343903
-0.669434368610382
-0.180738016963005
0.887392222881317
-1.75185394287109
-3.3708393573761
-1.01880943775177
-1.19742655754089
-1.2460104227066
0.35940009355545
-2.70852708816528
-2.88785862922668
-2.41202282905579
-6.21728134155273
-5.97078990936279
-5.54925346374512
-6.813148021698
-4.56900262832642
-2.52276539802551
-3.67591738700867
-4.66545581817627
-4.60329723358154
-4.63187599182129
-3.03503918647766
-1.51322150230408
-0.768745481967926
0.207932785153389
-1.43677341938019
-3.49444246292114
-2.82069873809814
-2.15838646888733
-2.37129807472229
-2.58635306358337
-2.26341342926025
-1.91975402832031
-1.9526195526123
-1.25386953353882
-1.9118949174881
-1.92404091358185
-2.61564636230469
-6.74170112609863
-5.5385365486145
-3.83738708496094
-4.88765573501587
-1.80401015281677
-1.78543400764465
-2.72424554824829
-0.437946617603302
-0.318630427122116
-0.0957162752747536
0.322962194681168
-1.13312435150146
-1.96405112743378
-1.79972338676453
-2.56849122047424
-1.35318064689636
0.814516425132751
-1.38247382640839
-2.67780494689941
-1.55323171615601
-1.54751598834991
-1.09811544418335
-1.87617146968842
-2.76425576210022
-1.69826889038086
-3.16578698158264
-6.08010339736938
-4.29464673995972
-1.61396157741547
-2.11480402946472
-0.794466376304626
-0.0821413770318031
-1.96476554870605
-1.8168705701828
-2.77711606025696
-3.21508526802063
-0.968796610832214
-1.56966459751129
-1.53108322620392
-0.501534342765808
-1.89689111709595
-1.59824323654175
-1.23243546485901
-2.69352340698242
-4.44539976119995
-4.58114862442017
-2.01477837562561
-1.70684242248535
-3.26724147796631
-4.15461111068726
-3.85953569412231
-3.21937203407288
-4.5747184753418
-2.82427096366882
-0.239324420690537
-1.62682199478149
-2.31342601776123
-2.12409210205078
-2.58063721656799
-2.89357447624207
-2.58992528915405
-1.66325986385345
0.132199138402939
1.81620109081268
1.52969932556152
0.844524085521698
0.598032534122467
-0.176451206207275
-1.4339154958725
-2.65422749519348
-3.18507766723633
-3.33154368400574
-2.56920576095581
-1.84187698364258
-3.09076762199402
-3.29153323173523
-1.63039433956146
-0.880917012691498
-2.92000985145569
-4.6590256690979
-2.85284972190857
-3.60232710838318
-3.97599411010742
-1.1645610332489
-0.529398560523987
1.31535875797272
2.56067705154419
3.80027985572815
7.0046706199646
7.52194547653198
8.52791690826416
9.85682868957519
9.41385746002197
8.2585620880127
6.19517803192139
2.89933514595032
0.282951951026917
1.39180684089661
2.03697180747986
1.49040353298187
0.779507458209991
-0.148586943745613
0.871673882007599
0.632327020168304
1.14174294471741
1.46968388557434
-0.166448652744293
0.953123331069946
1.1989004611969
2.19201135635376
4.03105306625366
5.13419246673584
10.2126331329346
13.1891088485718
16.2306003570557
19.6829109191895
19.4235591888428
24.0433120727539
25.1014404296875
19.0884742736816
14.4987297058105
8.5336332321167
5.35281944274902
4.48474073410034
2.23345065116882
1.3267902135849
1.13959956169128
2.43993210792542
3.98889946937561
5.532151222229
4.76767015457153
3.37588548660278
6.35807657241821
4.89698886871338
3.69668197631836
7.10255241394043
5.7907886505127
8.08566093444824
13.6642303466797
16.3577766418457
21.6034030914307
25.0507125854492
27.153392791748
34.2166290283203
36.8887405395508
27.4548988342285
15.8519325256348
8.64366054534912
4.28397512435913
3.24871015548706
3.67381882667542
3.39874863624573
2.79502272605896
3.99675869941711
5.57144689559937
5.73934698104858
5.72934436798096
6.42166423797607
8.02350234985352
5.97512149810791
4.75838184356689
6.83391237258911
4.07463550567627
4.5683331489563
9.10877990722656
10.9163846969604
17.385181427002
20.7467555999756
20.9496650695801
28.4644432067871
27.3448715209961
17.4616298675537
11.5751247406006
4.97415113449097
1.99839055538178
5.46356201171875
6.42166423797607
4.17894792556763
4.48616933822632
5.62288856506348
4.69979524612427
5.46141862869263
6.73174333572388
7.80058813095093
9.58318710327148
7.60768175125122
6.20875263214111
7.30903387069702
4.64835357666016
4.45473289489746
6.76675271987915
5.7257719039917
6.77746963500977
8.28642654418945
8.94516658782959
10.727765083313
9.48387622833252
5.94368505477905
2.45993709564209
-0.552261590957642
-0.771603345870972
2.05912041664124
3.01650786399841
1.42753028869629
2.3863468170166
2.90290760993958
0.8988236784935
2.33847737312317
3.54950141906738
2.09913063049316
3.33587527275085
3.46090722084045
3.23584985733032
4.3261284828186
1.84906661510468
0.78307980298996
1.27534854412079
-1.9118949174881
-1.76971566677094
1.30607068538666
-0.263616353273392
0.685197651386261
2.83860540390015
-0.562978625297546
-1.75614082813263
-1.83901917934418
-3.04289841651916
-1.85616636276245
-0.307913392782211
-0.000691983732394874
-1.58538281917572
-1.77614593505859
-0.486530482769012
0.184355333447456
1.52255463600159
1.80405509471893
1.20818853378296
0.362257957458496
-0.603703320026398
-1.76399993896484
-2.86928248405457
-2.54634284973145
-3.71735644340515
-4.98625230789185
-3.72235774993897
-3.10219931602478
-3.46014785766602
-3.32368445396423
-3.34511852264404
-3.94741535186768
-3.1264910697937
-3.41084957122803
-4.77619886398315
-1.58609735965729
-0.240038886666298
-1.63325226306915
-0.331490844488144
-0.799467623233795
-0.142156720161438
1.29892599582672
-0.648000359535217
-2.27698826789856
-3.35797882080078
-2.59849905967712
-2.24412274360657
-3.60018372535706
-3.37798404693604
-4.05672883987427
-4.08673667907715
-3.91526412963867
-4.71689796447754
-2.40845036506653
-0.315772533416748
-1.95547747612
-2.78926205635071
-0.618707120418549
-1.39247643947601
-3.76093912124634
-2.25412535667419
-0.937360048294067
0.565881431102753
2.13699746131897
-0.234323143959045
-2.596355676651
-2.40845036506653
-1.44391810894012
-1.85545194149017
-3.87239623069763
-3.53230929374695
-2.8928599357605
-5.44279766082764
-5.57068729400635
-3.30653715133667
-3.51373291015625
-4.4168210029602
-4.7397608757019
-3.91383528709412
-2.37344145774841
-2.74639391899109
-4.17961740493774
-4.25106430053711
-3.14363837242126
-3.06933379173279
-2.46775126457214
-0.336492121219635
-1.10526013374329
-1.85616636276245
-1.10526013374329
-3.62376117706299
-5.03983736038208
-3.55517220497131
-2.31914186477661
-2.70424032211304
-3.57732057571411
-2.4227397441864
-3.76736927032471
-5.42636489868164
-3.73664712905884
-2.579922914505
-2.06693458557129
-3.34368944168091
-3.23937726020813
-2.42488312721252
-4.17104387283325
-2.58349514007568
-2.79926466941834
-4.71261072158814
-2.33200240135193
-3.49086999893188
-5.10128164291382
-3.43228363990784
-3.9631335735321
-4.08602237701416
-3.39441680908203
-4.95910263061523
-5.42422151565552
-3.1129162311554
-3.54945635795593
-5.1670126914978
-4.33037042617798
-4.26821184158325
-4.42968130111694
-4.80763530731201
-4.21319770812988
-2.54562830924988
-3.25295209884644
-2.95859098434448
-1.2895929813385
-2.4005913734436
-3.26581239700317
-0.790894031524658
-2.54634284973145
-7.0110559463501
-5.19702053070068
-4.65402460098267
-5.04055213928223
-1.89760553836822
-1.78829181194305
-2.77854514122009
-3.25723886489868
-3.35154867172241
-3.205082654953
-3.04789972305298
-2.74710845947266
-4.69260597229004
-2.26412773132324
-0.359355121850967
-3.46229124069214
-2.02406644821167
-1.50107562541962
-1.14598476886749
1.3103574514389
-0.354353845119476
-2.26127004623413
-4.36537933349609
-5.39921522140503
-4.24892091751099
-4.92909479141235
-5.80360412597656
-6.15440797805786
-5.62641620635986
-4.5225625038147
-3.2922477722168
-1.64396929740906
-1.83901917934418
-2.84856295585632
-3.85381984710693
-4.09316682815552
-1.95476305484772
-1.41248154640198
-2.47918272018433
-1.40462231636047
-1.11883497238159
-1.52108073234558
0.816659867763519
1.55041885375977
0.689484477043152
1.71403217315674
-1.39604878425598
-4.4982705116272
-1.38033044338226
-1.03952896595001
-0.25432825088501
3.27300214767456
0.500150322914124
-1.90903699398041
-1.153843998909
-1.98691403865814
-0.37007212638855
1.09387362003326
-0.618707120418549
-0.903780043125153
-1.98334169387817
-4.02957916259766
-0.920927286148071
1.18889784812927
-0.00283538899384439
2.09984493255615
1.77190411090851
-1.31031250953674
-0.910210251808167
-0.572266697883606
-0.355068296194077
0.491576731204987
-2.19125199317932
-3.28653216361999
-0.818758249282837
-0.620850563049316
1.30035495758057
4.31684064865112
2.58354020118713
0.102905929088593
0.154347658157349
-0.331490844488144
-0.811613619327545
-0.10286096483469
-1.59895777702332
-1.1266942024231
-0.683009266853332
-2.04621505737305
3.00221872329712
4.41043567657471
0.623753368854523
0.325105607509613
-2.02406644821167
-2.46417903900146
0.0921889021992683
0.0836152881383896
0.67019385099411
0.460140109062195
-2.21768736839294
-2.66780233383179
0.11933870613575
0.664478063583374
0.280094087123871
2.66927623748779
1.23605275154114
-1.44391810894012
-1.17027676105499
-2.47203803062439
-2.1891086101532
-1.79186415672302
-1.82901656627655
0.00216588983312249
-1.46963894367218
-1.7975800037384
-0.272189974784851
-1.86545443534851
-2.49561548233032
-2.43131351470947
-3.47872400283814
-2.91143608093262
-1.02381074428558
-2.29985117912292
-2.60707259178162
-0.00783666782081127
-2.77497267723083
-3.76308250427246
-0.689439475536346
-1.53036880493164
-1.16241753101349
-0.137869909405708
-1.8004378080368
-2.50061678886414
-1.11526262760162
-0.097145214676857
-0.918069362640381
-1.69969773292542
-3.04932856559753
-3.96384811401367
-3.25223755836487
-3.2293746471405
-2.26841473579407
-0.642999053001404
-1.07811033725739
-2.18839406967163
-1.26458656787872
-0.0328430607914925
-0.557977318763733
-0.0378443412482738
-0.10714777559042
-1.08239710330963
-1.5396568775177
-3.00717496871948
-1.87617146968842
-0.811613619327545
-1.8575953245163
-0.990230679512024
-1.53608453273773
-3.42299556732178
-3.74664974212646
-4.20319509506226
-4.90051603317261
-3.93812727928162
-3.75236535072327
-5.34491539001465
-3.94598627090454
-2.91929531097412
-3.23937726020813
-0.535114347934723
-0.447949200868607
-2.29413557052612
-1.15312945842743
-1.29602313041687
-1.55751860141754
0.15077531337738
-2.01977968215942
-3.98814010620117
-1.47035348415375
-3.00860381126404
-3.43014025688171
1.49826264381409
0.690198957920074
-1.9419025182724
-2.11909079551697
-4.36537933349609
-5.09127902984619
-3.91740775108337
-3.61733102798462
-3.28581762313843
-3.16078567504883
-3.15292644500732
-2.49847340583801
-2.3441481590271
-1.54823052883148
0.454424381256103
-0.864484250545502
-2.88357186317444
-1.19814097881317
-1.14455580711365
-2.06050443649292
-0.838048934936523
-1.90903699398041
-2.30628132820129
-1.06739330291748
-3.37584066390991
-4.81406545639038
-3.90383267402649
-3.35797882080078
-2.78926205635071
-3.34440398216248
-4.85121774673462
-4.53327941894531
-2.68494963645935
-3.79309010505676
-4.17961740493774
-2.51419162750244
-1.58824074268341
-0.542259037494659
-1.8333033323288
0.277950674295425
2.34633660316467
-0.585841596126556
-0.760171890258789
-0.358640640974045
1.11459314823151
1.72046232223511
1.54898989200592
2.28060555458069
-2.10765933990479
-3.36440920829773
-3.13935160636902
-5.66285371780396
-3.95098757743835
-2.40416359901428
-1.28101933002472
-1.09239971637726
-3.30510830879211
-3.54159736633301
-1.79186415672302
-0.0485613644123077
-1.16884779930115
-1.8004378080368
-1.54680156707764
-2.67137479782104
-1.39247643947601
-0.0707098841667175
0.345825165510178
0.69305682182312
0.125768914818764
0.193643420934677
-1.2081435918808
-3.7159276008606
-3.85882115364075
-4.28750228881836
-5.51495885848999
-4.16675710678101
-4.95052909851074
-7.34114027023315
-4.98053646087646
-2.85642218589783
-2.66208672523499
-1.29387974739075
-1.35318064689636
-2.6020712852478
-2.0776515007019
-1.16098868846893
-2.68423533439636
-3.67806077003479
-2.34843516349792
-0.950220465660095
2.67856454849243
5.42569541931152
2.68428015708923
1.13316929340363
0.570168256759644
-1.38890409469604
-0.651572704315186
-1.98119831085205
-4.15604019165039
-4.4932689666748
-5.67785787582397
-3.87739729881287
-4.15246772766113
-6.3373122215271
-4.25535106658936
-3.71164083480835
-3.64376616477966
-0.780891478061676
-0.375073403120041
-2.40845036506653
-1.6618310213089
-0.76588761806488
0.515154182910919
4.64335250854492
5.36282205581665
4.93414115905762
4.85412073135376
2.38777589797974
1.04100286960602
0.257231086492538
-1.35460960865021
-2.65779995918274
-1.16813325881958
-0.878773629665375
-3.63662147521973
-2.08693957328796
-0.817329347133636
-1.17242014408112
0.645187437534332
-0.696584165096283
-0.720876097679138
1.14817321300507
0.689484477043152
3.1222493648529
3.76741433143616
2.71786022186279
5.40426111221313
7.49908256530762
13.5191926956177
20.1751804351807
18.0046253204346
15.9491004943848
16.6721420288086
12.6818361282349
8.50291061401367
7.9363374710083
3.54807233810425
-0.408653438091278
1.88050329685211
1.44324862957001
-0.481529206037521
0.18149745464325
1.77547645568848
4.201096534729
3.8424334526062
2.04840326309204
1.90765309333801
3.69811081886292
5.35639190673828
6.14159250259399
6.93679618835449
5.08775186538696
4.75623846054077
9.09163284301758
19.6893424987793
29.7333393096924
29.0345878601074
30.2984828948975
32.1260948181152
25.0242767333984
16.8914833068848
10.744197845459
6.36736488342285
0.992419064044952
1.32607579231262
6.82891130447388
4.95914745330811
4.30326557159424
8.03707695007324
8.83513832092285
8.92730522155762
10.2176351547241
9.65106105804443
7.55409669876099
6.94894170761108
5.19849443435669
5.7422046661377
6.6088547706604
3.94245910644531
9.35884380340576
20.8860759735107
28.5001659393311
31.0643939971924
32.0374984741211
32.4526062011719
24.8270835876465
14.4215669631958
8.92658996582031
4.38614368438721
2.12056469917297
4.03319644927978
5.89867353439331
5.25065040588379
7.21615314483643
10.6155939102173
9.93970680236816
11.1993141174316
11.4157981872559
6.82248115539551
6.06300115585327
4.15322732925415
1.4325315952301
3.8667254447937
3.61809039115906
3.02936840057373
5.69362115859985
11.6315679550171
18.9777317047119
21.44264793396
22.7058277130127
19.848669052124
12.5482301712036
7.98920774459839
4.5276083946228
3.89744758605957
4.87198257446289
4.88698625564575
4.87769794464111
5.23921918869019
6.61957216262817
5.27922916412354
3.70311212539673
5.88581275939941
7.41691875457764
5.23564672470093
2.309898853302
1.42324352264404
0.0493208020925522
-0.503677725791931
0.303671538829803
-0.5086789727211
-0.545831382274628
1.5439887046814
4.62191820144653
5.85366201400757
5.97869396209717
5.75506544113159
3.11296129226685
1.94551992416382
2.22844934463501
3.55593156814575
2.94934797286987
-1.15312945842743
-0.540830075740814
-0.355068296194077
-1.09168517589569
1.39680814743042
0.31081622838974
0.940977334976196
2.93362975120544
1.70903086662292
0.933118164539337
-1.02166724205017
-0.910210251808167
-0.0885715931653976
-1.23600780963898
-0.554404973983765
-1.19671201705933
-1.66254544258118
-0.67157781124115
0.330106884241104
2.50494861602783
2.31775784492493
0.495149075984955
-0.597987532615662
-1.73685014247894
-2.53205347061157
-2.58420968055725
-2.63779473304749
-3.82024002075195
-3.89454460144043
-2.05621743202209
-1.04738819599152
-1.5289398431778
-2.31485509872437
-1.86474001407623
-1.67040455341339
-2.89000201225281
-2.21197152137756
-2.25841212272644
-3.78237318992615
-2.76425576210022
-2.52205085754395
-2.87356925010681
-2.84356164932251
-2.43059897422791
-0.718732714653015
-0.353639364242554
-0.970940053462982
-3.30868053436279
-4.14961004257202
-3.97670841217041
-4.37966871261597
-0.284335941076279
-0.525111794471741
-2.88642978668213
0.32439112663269
0.590887844562531
-0.0285562500357628
0.151489779353142
-0.242896765470505
-0.0749966949224472
-0.825188517570496
-0.751598238945007
-1.40104997158051
-2.0012035369873
-2.89214563369751
-2.84284710884094
0.0343169681727886
-1.19385421276093
-2.54991507530212
-2.55991768836975
-4.34608888626099
-3.42299556732178
-3.37726950645447
-4.29821920394897
-4.47540760040283
-5.64999341964722
-4.12460327148438
-2.55634546279907
-3.82738471031189
-3.14792513847351
-1.65754413604736
-2.28270387649536
-1.53394114971161
-0.47652792930603
-2.1019434928894
-2.28127503395081
-1.61396157741547
-2.78640413284302
-1.84187698364258
-0.0214115660637617
-0.55583393573761
-2.26412773132324
-2.89714670181274
-2.17196130752563
-2.49204325675964
-2.30056571960449
-2.81712627410889
-2.77925944328308
-0.876630246639252
-2.89714670181274
-2.92715454101562
-1.35246610641479
-2.79855012893677
-2.05050182342529
-2.14695501327515
-2.11123156547546
-1.84473490715027
-4.06673145294189
-2.98431181907654
-1.01595151424408
-1.92189741134644
-1.79686546325684
-1.25244057178497
-3.31368184089661
-3.88739991188049
-2.65422749519348
-3.96027565002441
-5.19702053070068
-5.94363975524902
-5.38278245925903
-4.08530759811401
-5.09842395782471
-5.44779872894287
-5.76287937164307
-4.97339200973511
-4.56757402420044
-5.5664005279541
-4.16532802581787
-4.28678798675537
-1.69469654560089
-1.06596434116364
-4.16747140884399
-0.424371719360352
-2.06121873855591
-3.08505201339722
1.61900782585144
-0.933073222637177
-1.40104997158051
-2.22125959396362
-4.199622631073
-1.34460699558258
-1.51893734931946
-2.86999702453613
-3.49372792243958
-3.48372530937195
-4.10459852218628
-3.83881616592407
-1.11169028282166
-3.22651672363281
-4.39252901077271
-3.66377139091492
-5.34634447097778
-4.95410108566284
-4.86264944076538
-3.47515177726746
-1.00594902038574
-0.902351081371307
-0.737308859825134
-1.79543650150299
-4.87908220291138
-5.54853916168213
-2.98002505302429
-3.3386881351471
-4.31465196609497
-3.64019393920898
-5.04412412643433
-3.89597368240356
-2.56634783744812
-3.10005569458008
-2.79569220542908
-4.31751012802124
-4.47254943847656
-3.03861165046692
-1.19313967227936
-1.3710423707962
-2.24055027961731
0.354398787021637
-2.36486792564392
-2.71138501167297
2.35133790969849
1.05600678920746
1.12102341651916
2.15628814697266
-0.380789160728455
-3.82238340377808
-4.96981954574585
-1.8954621553421
-1.70255565643311
-1.65397179126739
-1.57966709136963
-2.48847079277039
-0.460095137357712
-1.98619961738586
0.215791940689087
3.6852502822876
-0.163590773940086
0.369402647018433
0.559451222419739
-0.0142668830230832
2.64212656021118
2.57353758811951
3.51735043525696
2.81931471824646
1.3239324092865
0.939548432826996
-0.460809618234634
-0.706586718559265
-1.44891941547394
-0.887347221374512
-2.37487030029297
-4.40824747085571
-2.66280126571655
-3.70592498779297
-2.9550187587738
0.0200275983661413
-0.607275664806366
-1.31031250953674
-1.50893473625183
-1.06310641765594
-0.525826215744019
-0.870914459228516
-0.453664928674698
1.00885188579559
1.60757637023926
1.38466215133667
5.04988479614258
7.51908779144287
4.17323207855225
3.09938621520996
2.92648506164551
0.348683059215546
-0.513680279254913
-0.950934946537018
-0.720161616802216
0.370831578969955
-0.898778736591339
-1.72970545291901
-0.999518752098083
-1.42391300201416
-1.09597206115723
0.969556093215942
0.345825165510178
-1.02666854858398
0.517297565937042
-0.650858223438263
-1.97405362129211
-0.815185964107513
-1.28887844085693
-0.664433121681213
-0.242182299494743
-0.618707120418549
-1.15312945842743
-2.80998158454895
-2.25912642478943
-2.07336473464966
-4.04958438873291
-4.74261856079102
-3.25723886489868
-3.06861925125122
-3.70878291130066
-0.612991392612457
-0.307913392782211
-2.50276017189026
-1.51679384708405
-1.55037391185761
-0.201457604765892
-0.00426432583481073
-1.98977196216583
-0.0728532895445824
0.603748261928558
-0.0828558504581451
2.01696681976318
3.17154765129089
-0.978084743022919
-2.85499310493469
0.973842859268188
0.100048057734966
-1.66754674911499
-0.892348527908325
-1.57752370834351
-2.86999702453613
-3.76808381080627
-1.9690523147583
-2.1262354850769
-3.38512873649597
-1.85688078403473
-2.21268606185913
-2.852135181427
-3.12863445281982
-3.06433248519897
-0.84519362449646
0.653761029243469
1.17246508598328
0.19935916364193
-0.876630246639252
-1.33746230602264
-2.76068329811096
-3.08290863037109
-5.15843915939331
-6.69454622268677
-5.01340198516846
-4.3325138092041
-3.45014524459839
-3.51016068458557
-3.23294687271118
-3.1672158241272
-4.47326421737671
-1.90546464920044
-2.0340690612793
-3.8866856098175
-1.42819976806641
-2.26198434829712
-3.83953046798706
-2.18625068664551
-1.21314477920532
-0.660146296024323
1.60186064243317
2.93077182769775
1.04528975486755
-0.0814269110560417
-2.77711606025696
-2.53848361968994
0.598032534122467
-3.2350902557373
-3.11505961418152
-2.31556963920593
-5.78217029571533
-3.83881616592407
-4.13674926757812
-4.9090895652771
-3.97313618659973
-4.55757141113281
-2.57777953147888
-2.43774366378784
-3.88525652885437
-2.6806628704071
-1.40104997158051
-3.47086501121521
-2.73067569732666
1.29106688499451
-0.925214052200317
-2.87142586708069
-2.53705477714539
-2.76925706863403
-1.65397179126739
-3.205082654953
-3.60089826583862
-2.58635306358337
-2.85142087936401
-2.62922120094299
-1.72470414638519
-1.75828421115875
-4.87979650497437
-3.67234492301941
-2.39773344993591
-5.05912828445435
-2.0397846698761
0.215791940689087
-1.56323432922363
-1.76542890071869
-0.610133528709412
0.622324466705322
1.3539400100708
0.478001832962036
-1.42391300201416
-0.212889090180397
-1.60896027088165
-4.71189641952515
-2.2026834487915
-1.98334169387817
-2.91072177886963
-1.13955461978912
-2.49561548233032
-3.65019655227661
-2.63708019256592
-2.65136957168579
-2.6563708782196
-2.62064743041992
-3.2515230178833
-4.00885963439941
-4.58686447143555
-5.07984781265259
-2.51276278495789
0.125054448843002
-1.08954179286957
0.778078556060791
-0.412225782871246
-4.02100563049316
-1.17956483364105
-2.98931312561035
-5.37849569320679
-3.49372792243958
-3.92097997665405
-3.39084434509277
-3.44014286994934
-3.77308511734009
-2.83213019371033
-1.14169800281525
-1.77828931808472
-3.91383528709412
-0.60155987739563
-1.94833278656006
-4.97124862670898
-1.85830974578857
-4.62187337875366
-6.20656442642212
-3.73093128204346
-3.6673436164856
-1.2352933883667
-0.540115594863892
-1.86759781837463
-2.74925184249878
-3.70163822174072
-2.40702152252197
-1.38175940513611
-1.4339154958725
-1.92689871788025
-0.658717334270477
1.973384141922
0.500150322914124
-1.72684752941132
-2.15695762634277
-3.13006353378296
-2.81998419761658
-2.19482445716858
-3.70235276222229
-4.09316682815552
-3.08147954940796
-3.87168169021606
-2.86999702453613
-1.81615614891052
-2.59564113616943
-2.04978728294373
-4.13674926757812
-4.12960481643677
-0.420799404382706
-0.0857137218117714
0.292954534292221
2.29775285720825
3.74455118179321
3.01650786399841
4.22967529296875
9.44243621826172
10.5841569900513
11.6708631515503
12.1924257278442
7.57838869094849
5.10918569564819
0.975271821022034
0.681625306606293
4.2739725112915
1.13959956169128
3.78599047660828
5.96154642105103
1.82691812515259
1.71688997745514
0.40369713306427
0.109336145222187
0.0836152881383896
-1.32460188865662
0.281523019075394
1.76333045959473
3.21227240562439
3.98747062683105
6.25947999954224
8.58078765869141
9.5174560546875
17.5909481048584
23.780387878418
23.1145038604736
23.5481853485107
19.5843143463135
13.3219995498657
8.37716388702393
4.99058389663696
5.88652753829956
5.2142128944397
3.99961638450623
4.45759057998657
4.6090579032898
4.50403118133545
5.25422286987305
7.45264196395874
6.52883434295654
5.41712188720703
5.40426111221313
4.44401597976685
5.80436372756958
6.81533622741699
6.88606882095337
8.0728006362915
10.8070707321167
16.5371074676514
26.3510456085205
34.5317077636719
33.8894004821777
30.9972324371338
27.7621212005615
21.9363460540771
16.7550201416016
10.1840543746948
6.00441455841064
4.54261255264282
2.11413431167603
3.22513270378113
5.49857091903687
6.5488395690918
8.26427841186523
9.60962200164795
9.30954551696777
7.56838607788086
6.67887306213379
5.4557032585144
4.72122955322266
5.43641233444214
4.62334728240967
5.49571323394775
7.80630397796631
11.6187076568604
22.0899562835693
29.4725570678711
28.7373695373535
27.1576805114746
22.7101135253906
16.9872226715088
11.6201362609863
5.565016746521
4.19466638565063
3.84029006958008
1.34750986099243
2.70499968528748
5.3263840675354
5.65503978729248
7.03324937820435
8.92587566375732
9.80395793914795
8.20997905731201
6.78604316711426
7.67412757873535
4.4268684387207
2.78359127044678
5.11847400665283
3.27871799468994
3.86243844032288
8.58864688873291
12.7697162628174
14.443000793457
11.830189704895
10.2276372909546
8.22140979766846
4.92771100997925
3.72740411758423
3.25156807899475
2.87790107727051
0.0700403824448585
-1.67326247692108
-0.388648301362991
0.740211725234985
0.843095183372498
1.41538429260254
4.48259687423706
3.31944251060486
1.86764287948608
3.72597503662109
2.10698962211609
0.370117098093033
0.880247533321381
2.74286651611328
0.03503143414855
-3.04004049301147
0.251515358686447
0.165779143571854
-0.271475493907928
0.628040194511414
-0.211460158228874
0.0564654879271984
-2.0340690612793
-0.607275664806366
3.04937362670898
0.227223426103592
-0.801611065864563
0.787366628646851
0.500150322914124
0.883819878101349
0.55444997549057
-0.272904425859451
-0.980228126049042
0.0150263207033277
2.47208309173584
2.6364107131958
2.01053643226624
0.363686889410019
-1.43605899810791
-2.50490355491638
-3.95670342445374
-3.6509108543396
-3.40013241767883
-3.9009747505188
-4.85407590866089
-5.52138900756836
-4.83407068252563
-5.02697706222534
-4.30536413192749
-3.39941811561584
-2.34271931648254
-1.72613310813904
-2.79712128639221
-1.65540075302124
-1.48607170581818
0.267233669757843
2.03268504142761
-0.614420294761658
0.500864803791046
2.08126878738403
0.988846719264984
-1.53751349449158
-2.44774627685547
-0.815900385379791
-2.51347732543945
-2.4934720993042
-2.79069089889526
-3.3544065952301
-1.45392072200775
-2.65708541870117
-1.85830974578857
-1.39176189899445
-2.87499833106995
-2.80712366104126
-3.92741012573242
-4.01314640045166
-3.31868314743042
-1.43677341938019
-0.903780043125153
-2.55920314788818
0.116480827331543
2.25917148590088
0.411556273698807
-2.12266302108765
-3.38584327697754
-3.36298012733459
-4.01171731948853
-2.50418925285339
-1.9661945104599
-3.08433747291565
-1.87402808666229
-3.52373552322388
-4.99911260604858
-4.28250074386597
-4.26249599456787
-2.58349514007568
-2.75996875762939
-3.37369728088379
-2.8299868106842
-3.61733102798462
-3.846675157547
-3.32511329650879
0.367973685264587
0.937404990196228
-2.42916989326477
-0.716589272022247
-1.50893473625183
-2.26841473579407
-0.317201465368271
-2.84499049186707
-3.46657800674438
-3.38298535346985
-3.52302098274231
-2.68137741088867
-3.8002347946167
-2.59564113616943
-1.9147527217865
-2.47632503509521
-2.02049398422241
-2.04049921035767
-1.35746741294861
-2.42559766769409
-3.8245267868042
-4.41181993484497
-4.9090895652771
-3.813809633255
-2.99502897262573
-1.83616125583649
-1.16813325881958
-2.87142586708069
-5.29847478866577
-5.61284112930298
-4.78763008117676
-4.03600931167603
-1.82615864276886
-3.13363575935364
-5.69071817398071
-4.90194511413574
-4.62973260879517
-4.74404764175415
-4.5061297416687
-3.29867792129517
-3.14649629592895
-2.98002505302429
-0.995231986045837
-2.55991768836975
-3.07147717475891
-2.76425576210022
-4.38324117660522
-1.71755945682526
-3.60732841491699
-5.514244556427
-0.99308854341507
-3.79166126251221
-3.590895652771
-0.425086200237274
-4.11531543731689
-3.0800507068634
-2.15052723884583
-3.17864727973938
-2.14481163024902
-2.88785862922668
-3.11791753768921
-3.95456004142761
-2.62064743041992
-1.83830463886261
-4.10102605819702
-2.41345167160034
-2.87499833106995
-4.40967655181885
-2.75210976600647
-2.74639391899109
-2.53919816017151
-3.00646042823791
-3.65019655227661
-3.98671102523804
-5.87362194061279
-6.41090250015259
-5.58354806900024
-5.53210639953613
-5.50709962844849
-3.2836742401123
-3.21294188499451
-4.25249338150024
-2.99360013008118
-4.29321813583374
-3.97599411010742
-1.04310131072998
-1.22529077529907
-2.99002766609192
-2.22411751747131
-1.01237916946411
-2.08908295631409
-0.00140645215287805
1.88264667987823
-0.117150329053402
-0.33434870839119
-1.66397440433502
-3.39584565162659
0.428703516721725
2.44421887397766
0.515154182910919
0.506580591201782
-0.855910658836365
-1.61896288394928
-2.04478597640991
-3.97670841217041
-1.95762085914612
-1.01095032691956
-2.2841329574585
-2.12409210205078
-2.2677001953125
-1.61753392219543
-0.803039968013763
-0.976655781269074
-1.48678624629974
-0.0535626448690891
1.62972486019135
0.671622753143311
-0.412940233945847
-2.00763368606567
-3.3544065952301
-2.91786646842957
-3.39013004302978
-3.51087522506714
0.523727834224701
3.89101719856262
2.4649384021759
0.967412650585175
-0.216461434960365
-0.977370262145996
-1.54965937137604
-2.60635805130005
-1.46749556064606
-1.12240731716156
-1.59609985351562
-2.02906775474548
-2.38773083686829
-1.33674788475037
-0.233608677983284
1.92194247245789
1.35751235485077
-0.722305059432983
0.445850759744644
0.0436050556600094
-1.73041987419128
-1.90903699398041
-1.8440203666687
-2.34772062301636
-2.38987421989441
-1.24315249919891
1.22390687465668
2.89147591590881
0.91096967458725
-1.22529077529907
-2.81784081459045
-3.72307229042053
-2.564204454422
-2.54920077323914
-1.42819976806641
-0.888776183128357
-2.4713237285614
-1.41962623596191
-0.665147602558136
-1.29030740261078
-1.81615614891052
-2.32700109481812
-3.41442179679871
-3.97813749313354
-2.02549529075623
-2.95573329925537
-3.79809141159058
-2.38344407081604
-3.92455244064331
-3.19436573982239
-1.57966709136963
-0.980942606925964
1.53112816810608
0.845953047275543
-0.547260284423828
-0.770174443721771
-3.16149997711182
-2.91215062141418
-0.373644471168518
0.890964567661285
1.58614230155945
0.76021683216095
-0.691582918167114
-1.24172353744507
-1.14241242408752
-1.248868227005
-0.0521337054669857
0.468713730573654
-2.2734158039093
-2.60350036621094
-2.08622527122498
-2.63136458396912
-2.03049659729004
-2.13909578323364
-1.69683992862701
-2.57920837402344
-3.64162278175354
-2.11408948898315
-2.41273713111877
-3.73593258857727
-3.34011721611023
-3.2679557800293
-3.54302620887756
-1.87545704841614
-0.920212805271149
-2.3627245426178
-2.67709064483643
-3.31582522392273
-4.5061297416687
-3.28295969963074
-2.1483838558197
-1.7189884185791
-1.26887333393097
-1.60467350482941
-2.81355404853821
-4.07959175109863
-3.10862946510315
-3.03361034393311
-2.86571025848389
-0.150015875697136
-1.2217184305191
-3.2593822479248
-3.29653453826904
-3.64876747131348
-2.76497006416321
-1.13383889198303
0.438706070184708
-0.90306556224823
-2.33128786087036
-2.64208149909973
-4.31179428100586
-2.9878842830658
-3.18364858627319
-4.07601976394653
-2.30913925170898
-2.53991270065308
-2.24698066711426
-2.89500331878662
-3.04289841651916
-2.25626873970032
-4.41753530502319
-4.13889265060425
-3.41870880126953
-3.81523871421814
-2.54348492622375
-2.35129284858704
-2.38415861129761
-1.77614593505859
-0.690868437290192
-1.10526013374329
-2.71995854377747
-2.05264520645142
-3.46657800674438
-4.88479804992676
-3.08719539642334
-4.62187337875366
-5.43493843078613
-2.59778451919556
-2.73353362083435
-3.28438854217529
-1.20314228534698
-1.6103892326355
-3.00431704521179
-0.763744235038757
-0.114292457699776
-1.68540847301483
-1.43677341938019
-2.00334692001343
-2.27127242088318
-1.44891941547394
-1.19599759578705
0.788795590400696
2.41706895828247
1.02885699272156
-1.01380813121796
-2.06264781951904
-2.96002006530762
-3.88954329490662
-3.22508788108826
-2.42559766769409
-2.47632503509521
-3.07862186431885
-4.35537672042847
-3.48301076889038
-2.56063222885132
-3.24866533279419
-2.21554398536682
-1.83830463886261
-2.38344407081604
-0.950934946537018
-0.305055499076843
-0.950220465660095
-0.800182104110718
-1.5125070810318
-2.0097770690918
-1.76685786247253
-4.33894395828247
-4.82835483551025
-3.15649890899658
-4.14460849761963
-3.27510046958923
-4.75405025482178
-5.45137119293213
-1.48178493976593
-2.75782537460327
-2.52276539802551
-0.704443335533142
-2.77140045166016
-2.91858077049255
-2.3462917804718
-2.01192045211792
-2.58492422103882
-2.17982053756714
-1.73399221897125
-1.57252240180969
2.19344043731689
2.16200375556946
0.428703516721725
1.973384141922
0.98241651058197
-1.66325986385345
-3.78237318992615
-5.23060035705566
-5.60998344421387
-4.76691055297852
-4.90408849716186
-6.43948078155518
-6.53950643539429
-5.75716352462769
-3.32868576049805
-3.32511329650879
-4.95124340057373
-2.54062700271606
-2.06479120254517
-2.31056833267212
-1.17670691013336
-0.878059148788452
0.940977334976196
2.14056968688965
2.98507142066956
4.29183387756348
5.4592752456665
3.84100461006165
0.182926386594772
0.960982441902161
-0.223606124520302
-2.83355903625488
-1.76042759418488
-3.37369728088379
-3.0964834690094
-0.0657086074352264
-0.863769769668579
-1.8954621553421
-1.70898592472076
-2.34343385696411
-1.3631831407547
0.606606125831604
-0.61370587348938
-0.874486804008484
1.80191171169281
2.65070009231567
5.23064565658569
9.56246757507324
9.31811904907227
9.04590702056885
13.423454284668
17.9288921356201
17.5745162963867
11.0735683441162
4.51689147949219
2.42207026481628
0.694485723972321
-0.998089849948883
-0.61370587348938
-0.648714780807495
0.530158042907715
3.22227478027344
1.98195779323578
0.87596070766449
1.7504700422287
-0.100003086030483
0.401553720235825
2.83217525482178
2.7314350605011
3.66738867759705
4.78481721878052
5.62074518203735
9.70750427246094
13.1062307357788
13.0505018234253
17.4237632751465
28.3765640258789
36.5386505126953
33.9879989624023
20.6945991516113
8.28428363800049
4.7741003036499
3.17583441734314
1.8590692281723
3.57950901985168
4.73766231536865
5.58287858963013
7.96920299530029
8.7501163482666
7.43120813369751
7.71699523925781
7.06254243850708
5.32709884643555
7.40691614151001
6.40666055679321
2.04340195655823
1.9190845489502
3.44018769264221
7.54766654968262
11.6201362609863
12.8783149719238
19.4071273803711
30.7428817749023
38.8192329406738
35.5948371887207
21.232593536377
8.2985725402832
4.37328338623047
3.82171392440796
2.42207026481628
4.28468942642212
4.20466899871826
3.14582681655884
8.62437057495117
10.1426153182983
9.79824161529541
12.4582080841064
8.7836971282959
4.60834360122681
4.5569019317627
3.40589332580566
1.70188617706299
1.95623695850372
2.79645180702209
3.6309506893158
6.38808441162109
8.37001991271973
12.3581819534302
20.3673725128174
25.1050128936768
23.6703605651855
15.1596126556396
6.29163122177124
4.15108394622803
4.0196213722229
4.93342685699463
4.66978788375854
2.79788064956665
5.69290637969971
8.21712303161621
6.41023302078247
5.68004608154297
6.64314937591553
6.02513456344605
2.54138660430908
0.684483170509338
0.410841792821884
-1.67254793643951
-2.4527473449707
-1.92118299007416
-1.04310131072998
-0.770888924598694
-0.0199826303869486
3.19941186904907
4.8148250579834
5.33281469345093
5.23636102676392
3.71954488754272
1.05457782745361
-0.225035056471825
3.06866407394409
3.62880730628967
1.92408585548401
1.42895925045013
-0.0314141251146793
1.04457521438599
1.27606296539307
-0.515109241008759
0.855241119861603
2.92291259765625
1.53184270858765
-0.467239826917648
0.678052961826324
-0.260044008493423
-2.48632740974426
-1.85259401798248
-2.6427960395813
-2.31485509872437
-0.808041274547577
-0.76588761806488
0.401553720235825
0.150060847401619
-0.798038721084595
-1.22028946876526
-1.28101933002472
-0.840906798839569
-1.34960830211639
-1.57180798053741
-3.13006353378296
-2.7378203868866
-1.53679895401001
-3.21865749359131
-2.4005913734436
-3.221515417099
-3.52516460418701
-0.175736740231514
-0.382218092679977
-0.94736260175705
-1.45534956455231
-2.50204586982727
-2.37415599822998
-3.76808381080627
-4.45325899124146
-3.98385310173035
-2.7921199798584
-1.05310392379761
-0.552976012229919
-1.30388236045837
-3.24937963485718
-2.94215822219849
-2.33771800994873
-3.10291361808777
-1.41533935070038
-1.9497617483139
-2.91286516189575
-0.0135524142533541
0.55159205198288
-1.13312435150146
-1.07382345199585
-0.848765969276428
-2.53348231315613
-2.15695762634277
-0.783034861087799
-2.48418402671814
-2.18982315063477
-2.22340321540833
-3.80094933509827
-2.23412013053894
-1.01595151424408
-1.45177721977234
-2.39630436897278
-3.12792015075684
-4.5261344909668
-6.04723787307739
-5.14343547821045
-4.96839046478271
-5.45637273788452
-4.70475196838379
-3.59875464439392
-4.38181209564209
-5.67428541183472
-2.97002267837524
-2.49275779724121
-3.7702271938324
-1.13026654720306
-1.60181558132172
-3.01431965827942
-1.54108583927155
-2.55348753929138
-3.58732318878174
-2.39916229248047
-1.60467350482941
-0.795180797576904
-0.385075986385345
-2.40845036506653
-3.69806575775146
-3.39727473258972
-5.1477222442627
-5.32562494277954
-4.32751226425171
-4.89622926712036
-4.35180425643921
-4.69760704040527
-4.15389680862427
-2.42988443374634
-3.23866271972656
-3.09148216247559
-2.77425813674927
-3.63662147521973
-3.83667278289795
-4.03100824356079
-3.56374573707581
-3.55445766448975
-2.42988443374634
-0.85448169708252
-2.16696000099182
-2.6670880317688
-3.33654475212097
-4.51541757583618
-4.31393766403198
-4.64116430282593
-4.80763530731201
-6.0665283203125
-6.78957033157349
-6.9460391998291
-7.66622304916382
-6.24728918075561
-5.8243236541748
-5.59712266921997
-5.01554536819458
-4.65473890304565
-2.87999963760376
-3.84167408943176
-4.81406545639038
-2.85142087936401
-2.20196914672852
-2.68423533439636
-1.38390278816223
-0.560120701789856
-2.02263760566711
-2.20125460624695
-2.61707520484924
-3.41513633728027
-2.75711107254028
-2.87285494804382
-2.70138239860535
-3.1807906627655
-5.03340721130371
-5.28775787353516
-4.95338678359985
-5.76930952072144
-5.49566841125488
-4.07887744903564
-3.68449091911316
-4.35251903533936
-5.55068254470825
-4.25320768356323
-1.78900635242462
-1.67326247692108
-1.95833539962769
-1.30388236045837
0.0650391057133675
-1.2624431848526
-3.15935659408569
-2.94430160522461
-3.92240881919861
-3.06576132774353
-2.38844537734985
-3.81595301628113
-3.35940790176392
-3.05504441261292
-3.21722865104675
-3.26509809494019
-3.97527956962585
-2.96930813789368
-1.49821770191193
-2.51419162750244
-2.27770280838013
-1.80758249759674
-3.15435552597046
-2.34557723999023
-1.35603845119476
0.949550986289978
4.1932373046875
3.44590353965759
0.202217042446136
-2.62493443489075
-2.04907274246216
-2.06550550460815
-2.86142349243164
-1.18170821666718
-1.57752370834351
-0.493675172328949
0.939548432826996
-0.935931086540222
-0.953792810440063
-2.33486008644104
-4.08030652999878
-1.8004378080368
-0.792322933673859
0.23508258163929
2.41849803924561
1.32536137104034
0.967412650585175
1.07243955135345
0.746641933917999
2.87933015823364
1.10030376911163
-0.944504737854004
1.02028334140778
-0.155017152428627
-2.99860119819641
-3.58375096321106
-2.09837102890015
-1.97476816177368
-2.45989203453064
-0.99308854341507
-0.444376856088638
0.435848206281662
0.214362993836403
-1.22386181354523
-0.771603345870972
-1.83401787281036
-2.05907535552979
-0.0857137218117714
1.03171479701996
4.36328077316284
5.26351118087769
2.91433906555176
2.98507142066956
0.583028674125671
-0.517967104911804
-0.673721194267273
-3.24509286880493
-1.18313717842102
-1.2188606262207
-1.96190774440765
-1.27959036827087
-4.5175609588623
-3.02003526687622
-1.66683220863342
-3.10791492462158
-1.00737798213959
-0.712302505970001
-2.00620484352112
-2.80998158454895
-3.23080348968506
-4.17175817489624
-4.64545106887817
-1.9690523147583
-0.818043828010559
0.138629347085953
2.13556838035583
0.0979046523571014
-2.04478597640991
-2.52991008758545
-2.55634546279907
-1.7868629693985
-2.73853492736816
-1.98905754089355
-1.71470165252686
-4.04815530776978
-2.86785364151001
-3.52159214019775
-4.89551496505737
-0.989516198635101
-0.0507047697901726
-0.990945160388947
1.06886720657349
-0.145014598965645
-2.21125721931458
0.392980098724365
0.795940279960632
-0.232179746031761
2.03125619888306
1.15889024734497
-1.02166724205017
-0.844479143619537
-1.65897309780121
-2.60492920875549
-2.70709824562073
-3.38870096206665
-3.44657301902771
-1.63253772258759
-3.41513633728027
-4.27749967575073
-1.91689622402191
-4.69689273834229
-3.89025783538818
-1.76042759418488
-3.81238079071045
-1.4039078950882
-1.2517261505127
-2.69495224952698
-1.49178743362427
-2.19482445716858
-0.839477837085724
2.11413431167603
1.41038310527802
-2.40273475646973
-3.18650650978088
-2.14695501327515
-2.99002766609192
-2.80283689498901
-3.97813749313354
-3.78094410896301
-2.65422749519348
-4.84693098068237
-3.06004548072815
-0.555119454860687
-2.97002267837524
-3.5501708984375
-2.08265280723572
-3.41870880126953
-4.23320245742798
-2.65708541870117
-2.36701130867004
-0.600130975246429
0.954552233219147
-0.771603345870972
-0.0235549714416265
0.0271722823381424
-1.67754924297333
0.255802154541016
0.0671825110912323
-3.94455742835999
-4.80334854125977
-3.237948179245
-3.79166126251221
-4.65974044799805
-4.61115646362305
-4.9255223274231
-4.03458023071289
-4.82835483551025
-5.87862348556519
-2.98073959350586
-3.93241143226624
-6.40447187423706
-4.42753791809082
-3.86096453666687
-3.40656280517578
-1.65968751907349
-0.777319133281708
-0.116435863077641
-1.07239460945129
-3.58946657180786
-3.98242425918579
-3.1750750541687
-3.31868314743042
-0.795895278453827
-0.617278218269348
-3.89740252494812
-3.32296991348267
-2.74282169342041
-2.45560526847839
-2.24555158615112
-3.9738507270813
-3.40942072868347
-2.86070895195007
-2.75782537460327
-1.85902428627014
-2.3684401512146
-1.94047367572784
-1.36389768123627
0.329392403364182
2.55281805992126
0.333679229021072
-0.321488291025162
-0.753741681575775
-3.20794057846069
-1.47106790542603
-2.60635805130005
-3.44585847854614
-0.830189764499664
-3.39941811561584
-3.98242425918579
-3.59732580184937
-5.6071252822876
-4.9255223274231
-4.85121774673462
-4.27392721176147
-4.11888790130615
-5.19059038162231
-4.94409847259521
-4.11674451828003
-2.49633002281189
-2.64136719703674
-1.08882737159729
0.632327020168304
-1.72827649116516
-0.5086789727211
0.140772759914398
-3.01074719429016
-2.18267846107483
-0.826617419719696
-1.281733751297
-0.998804330825806
-2.88428640365601
-3.01360511779785
-0.0578494556248188
-2.13052225112915
-3.46157670021057
-2.45489096641541
-6.00436973571777
-6.02723264694214
-4.33537149429321
-5.66785526275635
-4.52327680587769
-4.32608366012573
-3.54088282585144
-0.695155262947082
-0.470097720623016
-0.664433121681213
-0.669434368610382
-1.78829181194305
-3.24009156227112
-2.55062961578369
-1.72184634208679
-2.226975440979
0.0693259164690971
0.358685612678528
-1.82687318325043
-1.87760043144226
-2.63850927352905
-1.79829442501068
0.0486063361167908
-1.35961079597473
-2.24126482009888
-3.0886242389679
-6.10796785354614
-5.34920215606689
-2.62421989440918
-3.38155627250671
-2.50919055938721
-0.457951754331589
-1.89403319358826
-2.8056948184967
-1.94047367572784
-1.73327779769897
-0.210745692253113
1.45753800868988
0.0900454968214035
0.308672815561295
3.47019529342651
4.03462553024292
6.33449935913086
9.93113327026367
6.75532102584839
4.02462291717529
3.30658221244812
2.46636724472046
5.1570553779602
4.61548805236816
2.06769394874573
1.24891316890717
0.753072142601013
1.81905901432037
1.53327167034149
0.0564654879271984
-1.3874751329422
-0.955936193466186
0.0893310308456421
-0.570837736129761
0.61232191324234
1.16817831993103
2.59997296333313
5.20849704742432
2.47494101524353
2.92291259765625
10.0197267532349
14.4372854232788
20.1108779907227
25.158597946167
19.1470603942871
10.1283264160156
7.04610967636108
7.98492097854614
9.93184757232666
9.81967544555664
7.90347146987915
6.07157468795776
4.49402856826782
3.28157567977905
3.56379079818726
3.94888925552368
2.98507142066956
2.32990384101868
2.33347630500793
2.99078702926636
3.76669979095459
3.99532961845398
5.42926788330078
6.88392543792725
5.8715238571167
8.62865734100342
16.7657375335693
23.1245059967041
31.0858268737793
36.9487533569336
29.0760269165039
16.4785213470459
13.3305730819702
16.3899269104004
14.4487161636353
10.2733631134033
9.12735557556152
6.81605100631714
6.26376676559448
7.60982513427734
8.129958152771
7.92061901092529
6.26090908050537
5.61002826690674
3.08581137657166
1.44824993610382
1.76833176612854
0.0814718827605247
2.74715352058411
4.59119606018066
3.45376253128052
7.93062162399292
15.9005165100098
21.7798767089844
26.7411441802979
34.457405090332
29.2146339416504
13.407735824585
11.9573650360107
13.5727787017822
10.4155426025391
10.1026058197021
7.46193027496338
6.38165426254273
7.80844736099243
8.14781951904297
9.62819862365723
10.9092397689819
11.3207740783691
9.03518962860107
5.46856355667114
3.17369103431702
0.0293156877160072
-0.9352166056633
0.0743271932005882
0.523727834224701
1.39180684089661
4.14250993728638
9.91184234619141
11.5851268768311
11.1835956573486
13.242693901062
9.54246234893799
4.54118347167969
5.33710145950317
7.06825828552246
6.24376153945923
4.98772621154785
2.20915865898132
-0.848765969276428
1.28392219543457
2.00553512573242
1.26177358627319
3.75741171836853
4.8391170501709
3.94674587249756
2.90576529502869
1.13459825515747
-2.16410231590271
-0.29005166888237
3.02579617500305
0.0228854734450579
1.01456761360168
2.77573204040527
0.88953560590744
1.98624455928802
0.253658771514893
-0.682294845581055
1.6090053319931
0.106478273868561
0.641615092754364
1.06243693828583
-0.367214262485504
0.649474263191223
-0.644428014755249
-2.50847601890564
-1.72613310813904
0.332250267267227
-0.166448652744293
-1.23100650310516
1.39323580265045
2.00767874717712
2.74572443962097
3.46090722084045
0.410127341747284
-0.502248764038086
-1.33103215694427
-2.93715691566467
-2.55491638183594
-3.0964834690094
-2.65136957168579
-1.74971055984497
-3.16793036460876
-3.99385571479797
-3.67234492301941
-4.04672622680664
-4.01600408554077
-3.12291884422302
-3.27367162704468
-2.86213779449463
-2.72996115684509
-3.4658637046814
-1.94761836528778
-2.04835844039917
-3.36440920829773
-1.76828670501709
1.50683629512787
2.38563251495361
1.03528714179993
2.18415236473083
0.420129895210266
-0.953078329563141
0.366544753313065
-3.49801468849182
-3.2758150100708
-1.71470165252686
-3.48158192634583
-2.07050681114197
-3.6994948387146
-4.6347336769104
-3.08076524734497
-4.53185033798218
-4.61258554458618
-2.63850927352905
-1.42462742328644
-3.10791492462158
-4.16532802581787
-1.83187448978424
-0.242896765470505
-0.0621362626552582
-1.44106018543243
-3.02860903739929
-3.01074719429016
-3.44228625297546
-2.81926965713501
-1.77543139457703
-3.08433747291565
-3.58803772926331
-3.63376379013062
-5.03197813034058
-4.51470327377319
-2.52276539802551
-3.16292905807495
-3.97170734405518
-3.79094672203064
-5.71000862121582
-4.7076096534729
-3.81095194816589
-4.16818618774414
0.203645974397659
-0.47724238038063
-2.08622527122498
0.820232212543487
-0.45009258389473
-0.742310166358948
-0.197885259985924
-1.8247298002243
-2.70852708816528
-2.37058353424072
-1.31031250953674
-2.3141405582428
-2.2898485660553
-1.98477065563202
-2.59492659568787
-2.13195109367371
-2.92000985145569
-1.87545704841614
-2.07908058166504
-4.43682622909546
-3.75236535072327
-4.6590256690979
-6.0665283203125
-4.69546365737915
-3.56803250312805
-2.01549291610718
-0.479385793209076
-3.65734124183655
-6.49235153198242
-5.06270027160645
-5.67285633087158
-4.88051080703735
-3.37512612342834
-5.40993213653564
-5.72215461730957
-4.32108211517334
-4.29750490188599
-5.32776832580566
-3.70878291130066
-3.1507830619812
-4.9655327796936
-2.82427096366882
-3.31939768791199
-5.55997037887573
-4.16032695770264
-5.26275157928467
-5.09342241287231
-2.71852970123291
-3.16793036460876
-2.1105170249939
-1.82901656627655
-4.05958700180054
-4.02029085159302
-4.3568058013916
-5.86004734039307
-6.00294065475464
-4.14961004257202
-2.34843516349792
-3.32011198997498
-3.33654475212097
-2.72567439079285
-4.26106691360474
-4.88694143295288
-3.6587700843811
-1.9690523147583
-3.67163062095642
-5.69000387191772
-3.01860642433167
-2.85570764541626
-4.73404502868652
-3.86739492416382
-3.20794057846069
-3.62018871307373
-5.03483629226685
-6.00294065475464
-5.73430061340332
-6.09010601043701
-5.83218288421631
-4.36252164840698
-4.75333547592163
-5.42350721359253
-5.18630361557007
-4.70189380645752
-2.76282668113709
-3.04075503349304
-2.53062462806702
-1.12883758544922
-2.50704717636108
-1.91403830051422
-2.19339537620544
-0.490817278623581
1.71760451793671
-1.20385670661926
0.339394956827164
1.68974018096924
-1.31888616085052
-1.09454309940338
0.640900611877441
0.00288035813719034
-1.02238178253174
-0.323631703853607
-2.0640766620636
-2.07908058166504
0.140772759914398
-1.15312945842743
-0.612276911735535
-0.393649578094482
-0.634425461292267
-0.665147602558136
-4.07173299789429
-3.44228625297546
-2.13266563415527
-2.76282668113709
-1.39747762680054
-2.28056049346924
-0.87734466791153
1.65687465667725
-0.249326974153519
-3.29367685317993
-4.05387115478516
-1.09811544418335
-1.31031250953674
-0.793037414550781
1.87335860729218
-1.33246099948883
-0.917354941368103
-1.05238938331604
-3.34368944168091
0.720206618309021
0.488718867301941
-0.297196358442306
1.6090053319931
0.663049161434174
0.405126065015793
-0.999518752098083
-2.12766432762146
-2.18982315063477
-0.853767216205597
1.64687204360962
1.54898989200592
0.668764889240265
-0.921641707420349
-1.23743677139282
-3.28796100616455
-5.83575534820557
-1.58681178092957
-0.306484460830688
-0.8101846575737
1.74403977394104
0.798083662986755
-1.09525752067566
-2.7814028263092
-3.00646042823791
-1.52965426445007
0.483003109693527
0.129341259598732
-4.14103603363037
-3.0664758682251
-1.84044802188873
-3.3844141960144
-1.13455331325531
-0.595129668712616
-0.660146296024323
-0.10714777559042
-1.00166213512421
-2.22483205795288
-3.47300839424133
-3.57231950759888
-4.06530237197876
-2.82784342765808
-2.7756872177124
-5.36134815216064
-2.88571524620056
-0.990945160388947
-0.97022557258606
-1.35460960865021
-3.4658637046814
-1.11383366584778
-1.97548258304596
-2.852135181427
0.94740754365921
-0.184310361742973
-1.93618679046631
-2.08265280723572
2.3863468170166
3.82528614997864
-0.894491910934448
0.230081304907799
-2.1426682472229
-3.50015807151794
-1.72756206989288
-3.40799164772034
-1.21671712398529
-2.54277038574219
-2.2355489730835
0.8988236784935
-2.2734158039093
-3.61304402351379
-3.21651411056519
-1.12383627891541
-0.693011820316315
-3.16364359855652
-2.41988182067871
-3.26938486099243
-3.62304663658142
-2.57563591003418
-1.26387202739716
0.0271722823381424
-2.38773083686829
-2.55777430534363
-1.52965426445007
-3.10720038414001
-3.50587391853333
-2.34343385696411
-3.48158192634583
-5.32991170883179
-2.22340321540833
-1.39890658855438
-2.41988182067871
-0.352924883365631
-0.55583393573761
-0.10286096483469
-0.444376856088638
-1.86902678012848
-1.56823563575745
-2.07407927513123
-2.21482944488525
-3.43657040596008
-1.57823812961578
-0.467239826917648
-3.07076263427734
0.440849483013153
0.0857586935162544
-3.72664451599121
-2.71138501167297
-3.85310554504395
-3.64805316925049
-3.06004548072815
-2.94215822219849
-1.49393093585968
-2.95716214179993
-2.74925184249878
-2.1183762550354
-3.43585586547852
-4.10959959030151
-4.46683359146118
-3.34940528869629
-3.20079588890076
-3.61518740653992
-3.25366640090942
-2.72638893127441
-1.87617146968842
-2.34843516349792
-2.21268606185913
-2.19982576370239
-2.868567943573
-2.93501353263855
-2.94072937965393
-2.51562070846558
-2.43274235725403
-2.21482944488525
-2.78426074981689
-2.14123916625977
-1.58681178092957
-2.36986923217773
0.582314193248749
1.08958673477173
-1.00094771385193
-1.46606659889221
-2.50633263587952
-2.54634284973145
-3.56803250312805
-2.84427618980408
-0.980228126049042
-1.77971827983856
-0.377216815948486
-0.287908285856247
-1.02595412731171
-0.906637907028198
-4.08959436416626
-3.61447310447693
-2.16052985191345
-3.94312858581543
-3.38155627250671
-2.89571785926819
-3.82381224632263
-3.95884680747986
-2.22768998146057
-1.63396668434143
-2.65565657615662
-3.29724907875061
-2.54491376876831
-1.22529077529907
-4.29393243789673
-2.75711107254028
0.340823888778687
-2.84356164932251
-0.762315273284912
0.376547306776047
-1.93475782871246
-2.77783060073853
-5.0341215133667
-4.6718864440918
-3.9031183719635
-3.66448593139648
-4.1753306388855
-4.84550189971924
-3.18436312675476
-3.57517719268799
-2.51490616798401
-2.7271032333374
-4.84621667861938
-0.182166948914528
0.490147799253464
-2.89500331878662
-0.753741681575775
-0.500819861888886
-0.0964307487010956
0.825947940349579
-1.67969262599945
-0.131439700722694
1.6797376871109
-0.750883758068085
-2.01835060119629
-2.34486269950867
-3.95384550094604
-4.87408065795898
-4.13532066345215
-5.32633924484253
-5.58783483505249
-4.86979389190674
-5.83575534820557
-5.26989650726318
-5.93578100204468
-4.59472370147705
-1.9118949174881
-3.13506484031677
-2.8764271736145
-2.01835060119629
-3.10005569458008
-3.33082914352417
0.655189990997314
4.17108869552612
5.00058650970459
6.06443023681641
1.38752007484436
-0.830189764499664
2.91005229949951
1.5439887046814
-0.237895488739014
0.465141385793686
-0.0149813517928123
-1.8004378080368
-2.45417642593384
-2.79640674591064
-4.32751226425171
-2.3520073890686
-2.36129546165466
-3.33797383308411
0.465855866670609
-0.162876307964325
0.163635745644569
3.60165762901306
1.29321026802063
-0.084284782409668
1.96909737586975
7.12684440612793
13.6863784790039
17.0415229797363
15.9476709365845
8.59436225891113
3.40803670883179
3.03436970710754
6.52026081085205
9.7582311630249
5.1413369178772
4.88555717468262
4.42901182174683
-0.0335575304925442
1.31893110275269
-0.595844149589539
-0.0442745536565781
2.31775784492493
-0.798038721084595
0.42656010389328
0.840237319469452
1.10887742042542
4.47902488708496
4.9677209854126
4.85340595245361
3.71883034706116
5.09989786148071
11.5308275222778
22.4086093902588
32.4897575378418
28.0707702636719
18.341854095459
13.2569828033447
11.0149812698364
16.7900295257568
20.4109554290771
15.2517786026001
11.4000797271729
9.29811382293701
7.51551532745361
9.41885948181152
10.0068664550781
7.65340757369995
7.84274196624756
5.79150295257568
3.15582942962646
5.03845357894897
5.32495546340942
4.93199777603149
4.41829490661621
1.60328948497772
0.466570347547531
3.18440794944763
11.1042900085449
23.3788566589355
32.7519683837891
29.267505645752
18.8248348236084
14.9352693557739
14.3429756164551
19.0741844177246
23.796106338501
16.3927841186523
9.46958637237549
6.81247854232788
8.42646217346191
12.8575954437256
12.4817848205566
14.63805103302
14.0286092758179
9.54389095306397
7.61053943634033
5.55572843551636
3.58736824989319
0.230081304907799
2.85932493209839
3.15797281265259
-1.73327779769897
5.04202604293823
11.3021974563599
15.5811491012573
21.7741603851318
17.5016403198242
12.6475419998169
11.4715270996094
10.1911993026733
15.1160297393799
17.8917388916016
11.1850252151489
5.15419721603394
5.07989263534546
7.55266761779785
9.35098457336426
10.8870916366577
11.2807636260986
6.87749528884888
3.8045666217804
3.42232608795166
0.495863527059555
-0.933073222637177
-1.49035859107971
-2.11980509757996
-1.97976934909821
-2.23697805404663
0.685197651386261
3.05723261833191
4.16108655929565
6.24090385437012
4.0924973487854
2.70214200019836
3.38445925712585
3.30801105499268
5.5078592300415
5.75149297714233
5.21849966049194
4.71622848510742
2.0984160900116
1.69331252574921
3.40589332580566
5.87938261032104
4.39971876144409
1.23105144500732
2.24130988121033
0.853812217712402
-0.479385793209076
-0.0021209204569459
-1.87688589096069
-1.56251990795135
-1.58681178092957
-2.78783321380615
-0.547974765300751
-0.0878571271896362
-1.33388996124268
-0.350067019462585
-1.44963383674622
-2.42059636116028
-0.172878861427307
0.766647040843964
0.365115821361542
-0.23646654188633
-1.43963134288788
-3.18293404579163
-4.36609363555908
-3.1429238319397
-2.02406644821167
-1.62967991828918
-1.50964915752411
-2.12552094459534
-1.70970034599304
-1.93332898616791
-1.24172353744507
-0.149301409721374
-2.61207389831543
-2.19625329971313
-1.1567018032074
-3.55445766448975
-2.23912143707275
-2.05121612548828
-3.41799426078796
-1.68612289428711
-1.66683220863342
-1.27387464046478
-1.29816651344299
-2.26269888877869
-2.24769496917725
-3.69806575775146
-3.7838020324707
-3.47515177726746
-2.02906775474548
-0.973797917366028
-3.01574850082397
-1.50964915752411
-0.48581600189209
-1.09882986545563
-0.019268162548542
-0.372215539216995
0.0921889021992683
-0.139298856258392
-1.87259912490845
-2.48632740974426
-2.93715691566467
-4.23391723632812
-2.9471595287323
0.645187437534332
-2.49132871627808
-4.55114126205444
-2.67851948738098
-6.55236721038818
-6.96104288101196
-5.11557102203369
-5.44922780990601
-5.11628580093384
-7.41901731491089
-6.96032857894897
-5.31204986572266
-3.75165104866028
-1.64182579517365
-3.05718779563904
-2.56349015235901
-2.15267086029053
-2.57635045051575
-2.91858077049255
-3.45085978507996
0.110050618648529
-0.455808341503143
-1.3467503786087
2.67356324195862
1.74975550174713
0.516583144664764
0.203645974397659
-2.55277299880981
-3.13220691680908
-3.47443723678589
-4.90194511413574
-3.83595824241638
-1.77828931808472
-2.73353362083435
-3.09934139251709
-2.79283452033997
-4.32536888122559
-2.55705976486206
-1.17527794837952
-2.67423272132874
-2.98216843605041
-4.09316682815552
-3.82667016983032
-2.40273475646973
-2.19268107414246
-0.71587485074997
-0.300768703222275
-2.29413557052612
-3.74307727813721
-3.03361034393311
-3.93455481529236
-6.14512014389038
-4.82692575454712
-5.13200378417969
-5.98293590545654
-4.89908742904663
-5.61141204833984
-4.85907697677612
-4.01671886444092
-3.20722603797913
-3.35011982917786
-5.06913089752197
-3.71949982643127
-3.52445006370544
-2.32985901832581
-2.34700608253479
-4.3489465713501
-0.705157816410065
-1.281733751297
-1.8304455280304
1.26891827583313
-1.14312696456909
-1.93618679046631
-2.60635805130005
-3.30939507484436
-2.32628655433655
-4.71046733856201
-5.51638793945313
-5.89934301376343
-6.92889165878296
-6.60452318191528
-5.6749997138977
-4.3568058013916
-5.24060297012329
-4.86050605773926
-4.50184297561646
-5.99436712265015
-5.47923564910889
-5.81003427505493
-4.97624969482422
-2.08122396469116
-1.85473740100861
-2.03692674636841
-1.92475533485413
-3.81023740768433
-5.1555814743042
-4.12103128433228
-3.2922477722168
-2.97573828697205
-2.87356925010681
-3.47300839424133
-1.69755434989929
-0.889490664005279
-3.9031183719635
-4.69474935531616
-4.08816576004028
-3.33940267562866
-2.35700869560242
-2.42845559120178
-0.837334454059601
-0.31148573756218
-0.607275664806366
-0.250755906105042
0.0436050556600094
0.342967301607132
-2.36486792564392
-1.36818444728851
0.774506211280823
-1.65897309780121
-0.74302464723587
-1.35675299167633
-3.88597106933594
-2.98002505302429
-2.03907036781311
-1.54823052883148
-3.28938984870911
-3.35369205474854
-0.205744415521622
1.23891067504883
1.06886720657349
-0.852338314056397
-1.33531892299652
-0.880917012691498
-0.109291180968285
2.08555579185486
1.64044189453125
1.77619087696075
2.1905825138092
1.41752779483795
0.690913379192352
-2.38915967941284
-3.9659914970398
-3.35654997825623
-2.84927749633789
-2.90929269790649
-2.01120591163635
-2.31628394126892
-5.88719701766968
-3.4958713054657
-0.470097720623016
-2.39344668388367
-1.26601552963257
-0.315772533416748
-0.535114347934723
0.585172116756439
1.02028334140778
1.0495765209198
0.719492137432098
1.60829079151154
5.11561584472656
7.18042993545532
4.94914484024048
0.998849272727966
-0.971654534339905
0.00716716842725873
-0.280049115419388
-2.47203803062439
-2.3762993812561
-1.48964405059814
-2.58206629753113
-3.40156149864197
-2.41916751861572
-2.73639130592346
-4.20319509506226
-3.47086501121521
-2.85999441146851
-3.87382507324219
-3.49158453941345
-3.41227841377258
-4.18533325195313
-2.59778451919556
-0.321488291025162
1.61543548107147
2.33133292198181
1.12673914432526
-0.39650747179985
0.0414616502821445
2.12127900123596
-0.726591885089874
-3.01146173477173
-1.57752370834351
-2.26269888877869
-0.467239826917648
-1.19599759578705
-2.83427357673645
-0.157875031232834
-1.74399483203888
-1.92189741134644
-1.11169028282166
-3.1972234249115
-2.12480640411377
-0.898064255714417
-0.15644608438015
-0.481529206037521
-1.15455842018127
0.0821863487362862
0.241512790322304
0.770219385623932
0.467284798622131
-1.77257359027863
-3.34940528869629
-3.28938984870911
-1.49964666366577
-1.2895929813385
-2.70566916465759
-3.01717758178711
-3.3601222038269
-4.52542018890381
-3.55374312400818
-1.56251990795135
-2.85999441146851
-4.11174297332764
-3.22580218315124
-3.01431965827942
-3.6916356086731
-2.90857839584351
-0.557977318763733
-0.132154166698456
-0.925214052200317
-1.50679135322571
-2.917151927948
-4.12103128433228
-3.66377139091492
-1.95476305484772
-2.08479619026184
-3.90954852104187
-2.68280625343323
-1.35389506816864
-3.23937726020813
-2.50847601890564
-1.74113690853119
-3.19579458236694
-3.63519263267517
-4.25678014755249
-2.16624569892883
-0.572266697883606
-1.89689111709595
-2.38415861129761
-2.09551334381104
-0.581554770469666
-0.0657086074352264
0.371546030044556
-0.562264144420624
-3.37441158294678
-3.51801991462708
-4.61544322967529
-5.40921783447266
-4.53828048706055
-4.74904870986938
-3.89740252494812
-4.94338417053223
-6.17012643814087
-3.06504678726196
-2.09194087982178
-3.8709671497345
-3.54302620887756
-3.74879312515259
-4.53185033798218
-4.00100040435791
-4.22891569137573
-3.43728494644165
-1.37675809860229
-1.40176451206207
0.0486063361167908
0.910255193710327
-2.14624047279358
-1.13240993022919
-0.362212985754013
-3.14220952987671
-2.38915967941284
-1.77686035633087
-2.03335452079773
-2.95430421829224
-3.95170211791992
-3.19579458236694
-5.40993213653564
-5.94506883621216
-2.82927227020264
-1.16956222057343
-2.05264520645142
-2.49704456329346
-0.140013322234154
-1.90260684490204
-3.12577676773071
-0.479385793209076
-1.44749045372009
-1.55251729488373
-1.01380813121796
-0.930215358734131
-1.57466578483582
-5.34277200698853
-5.62141466140747
-3.16078567504883
-3.1129162311554
-4.76119470596313
-4.46683359146118
-3.2922477722168
-4.03529500961304
-3.96670603752136
-4.26321029663086
-4.36180686950684
-4.24463415145874
-4.4218225479126
-3.9795663356781
-4.8647928237915
-4.74404764175415
-4.840500831604
-3.63162016868591
-1.81972849369049
-1.939044713974
-0.255757182836533
-2.58420968055725
-3.205082654953
0.0707548558712006
-2.4005913734436
-3.43442702293396
-3.32511329650879
-2.59921336174011
-0.17430779337883
-2.39344668388367
-3.01074719429016
-2.82570004463196
-4.46111822128296
-3.38798666000366
-3.25080871582031
-3.91312074661255
-4.61901569366455
-4.26535367965698
-2.71424293518066
-4.16890048980713
-3.4087061882019
-1.12312185764313
-1.62753653526306
-2.08193826675415
-3.8488187789917
-3.74379181861877
-2.39987683296204
-4.01814746856689
-2.25198173522949
0.847382009029388
-0.791608452796936
-3.06504678726196
-2.71138501167297
-1.23600780963898
-0.128581821918488
0.265090256929398
-1.89046084880829
-3.89240121841431
-3.15364098548889
-3.56446027755737
-4.60901308059692
-4.32179689407349
-3.02860903739929
-1.90832257270813
-0.829475283622742
0.24865747988224
-1.41248154640198
-2.38630199432373
-2.17839169502258
-2.19196653366089
-1.39890658855438
-3.43228363990784
-3.60947179794312
0.485860973596573
4.38971614837646
7.76200675964355
8.15925121307373
5.13347768783569
2.25702810287476
4.18966484069824
7.86060380935669
7.08254766464233
3.98032593727112
1.12245225906372
0.588029980659485
0.608749568462372
-1.02809751033783
-0.512965798377991
1.53541505336761
-0.225749522447586
-3.21794319152832
-2.29270648956299
-1.21528828144073
-2.24055027961731
-2.53205347061157
0.500150322914124
1.40466737747192
-2.09122657775879
0.173638299107552
5.86294984817505
13.0197801589966
22.6243782043457
22.8201427459717
14.3351163864136
10.0954608917236
13.6928091049194
17.0293769836426
16.5235328674316
14.738790512085
10.3040857315063
6.5159740447998
5.42640972137451
4.95557498931885
5.59216642379761
4.98058176040649
2.08912801742554
0.76021683216095
0.885248780250549
0.174352765083313
0.240083858370781
1.67687976360321
3.52235150337219
2.59711503982544
1.40252387523651
5.28351593017578
10.4062547683716
21.7098579406738
33.6286201477051
29.2732200622559
19.1234836578369
15.0267210006714
18.1889591217041
23.8639812469482
22.9294567108154
17.5587978363037
11.2164611816406
7.85703134536743
7.13113117218018
8.46575832366943
13.2076845169067
12.173849105835
6.4559588432312
3.71454358100891
2.17414975166321
-0.731593132019043
-1.95690643787384
0.489433318376541
1.02671349048614
0.815230906009674
2.72357583045959
4.51903486251831
9.85111236572266
19.5192985534668
26.6939907073975
25.7508926391602
18.1560935974121
13.0526456832886
15.7869157791138
18.8577003479004
15.3632364273071
10.8020696640015
8.72296714782715
6.00227117538452
5.613600730896
8.2178373336792
10.2176351547241
10.7084741592407
6.70173597335815
3.08652591705322
1.96909737586975
-0.875915765762329
-0.965938746929169
-0.28933721780777
-0.770174443721771
0.0457484610378742
0.79665470123291
1.99553263187408
5.63646364212036
11.8523387908936
13.3448629379272
10.0940313339233
6.28019952774048
2.87218546867371
5.23993349075317
7.63840389251709
5.31423807144165
4.47116565704346
4.18966484069824
1.41752779483795
1.60829079151154
4.19895315170288
3.27085876464844
4.35613632202148
4.25468158721924
-0.0657086074352264
0.315103054046631
0.207932785153389
-0.89091956615448
0.11076508462429
-1.24029457569122
0.440849483013153
2.24345326423645
0.15506212413311
0.553021013736725
2.60497426986694
2.10341739654541
-0.495818585157394
0.175781711935997
0.533730387687683
0.121482111513615
2.71714568138123
0.375118374824524
-0.876630246639252
0.0979046523571014
-2.67351818084717
-0.653716087341309
0.071469321846962
-2.26984357833862
-0.117864795029163
-0.634425461292267
-2.50347471237183
0.193643420934677
2.20272850990295
0.798798143863678
-0.617992639541626
-2.22768998146057
-3.68806338310242
-3.16078567504883
-4.07316160202026
-2.46918034553528
-0.943075776100159
-5.33634185791016
-3.85524892807007
-2.02620983123779
-3.99099779129028
-1.18027925491333
-1.40605127811432
-3.55374312400818
-4.68689012527466
-4.26035261154175
-2.81784081459045
-4.42468023300171
-3.39227342605591
-3.39013004302978
-2.08765411376953
0.616608679294586
-1.34817934036255
1.93265950679779
2.61497664451599
-2.09265542030334
-2.43774366378784
-3.87025260925293
-4.5339937210083
-3.83667278289795
-3.58446526527405
-3.32082653045654
-5.51781702041626
-5.33205509185791
-4.72618579864502
-6.204421043396
-4.49898481369019
-2.71281385421753
-3.30653715133667
-4.39395809173584
-6.01794481277466
-4.93981170654297
-2.29270648956299
-2.96073436737061
-3.24080610275269
-2.59706997871399
-3.10005569458008
-3.60732841491699
-4.71689796447754
-3.2679557800293
-2.06979250907898
-2.94644522666931
-1.81901395320892
-2.02192306518555
-2.75282406806946
-2.16838908195496
-2.64065265655518
-3.51016068458557
-2.94858860969543
-2.5341968536377
-4.32894134521484
-3.82024002075195
-2.57063484191895
-4.01171731948853
-2.95430421829224
-2.08265280723572
-3.7216432094574
-1.92618429660797
-1.46177983283997
-3.77737188339233
-2.71638631820679
-3.61733102798462
-4.61901569366455
-3.33082914352417
-4.40681838989258
-3.4958713054657
-1.97119581699371
-1.44534707069397
-1.02452516555786
-2.87428379058838
-3.14935421943665
-1.30745470523834
-1.32531630992889
-3.99099779129028
-5.03983736038208
-4.67903089523315
-6.73241329193115
-5.88576793670654
-3.82166886329651
-4.46897745132446
-2.26269888877869
-1.72041738033295
-4.50327157974243
-4.9169487953186
-6.02794742584228
-6.43590879440308
-4.39538717269897
-3.63876485824585
-3.33511590957642
-2.68709301948547
-3.15649890899658
-3.06433248519897
-1.71755945682526
-2.84141826629639
-3.62304663658142
-2.77211475372314
-3.7780864238739
-3.87453961372375
-4.20891094207764
-5.64427757263184
-6.12011384963989
-5.51638793945313
-4.02386331558228
-3.06076002120972
-1.73613572120666
-3.53659605979919
-5.85647487640381
-3.86453700065613
-5.7478756904602
-8.00345230102539
-5.92363500595093
-5.64499235153198
-5.29847478866577
-5.02340459823608
-5.24346113204956
-4.60829877853394
-5.23774528503418
-4.01814746856689
-2.24197936058044
-2.868567943573
-3.23223257064819
-3.05790209770203
-2.58563852310181
-2.97788166999817
-4.26964044570923
-4.45040082931519
-4.06887483596802
-4.40681838989258
-4.18747663497925
-3.43442702293396
-3.69806575775146
-4.31822443008423
